458.8333333333333
549.5294117647059
558.8666666666667
480.5
560.25
520.4193548387096
376.89473684210526
491.6
487.14285714285717
442.88461538461536
431.93548387096774
445.27272727272725
493.4782608695652
463.27777777777777
449.6666666666667
467.6923076923077
537.9
527.3478260869565
575.3636363636364
487.6
443.92
331.5
548.2962962962963
494.5
504.3333333333333
591.3888888888889
545.0882352941177
510.6875
546.7878787878788
498.7647058823529
538.6
529.8
498.2857142857143
485.6
464.5483870967742
379.97435897435895
610.3125
489.0810810810811
481.88461538461536
553.4736842105264
477.25
532.2
422.8611111111111
474.4193548387097
491.037037037037
504.2083333333333
612.5925925925926
385.44444444444446
450.8
511.4347826086956
545.6086956521739
539.6
605.8
415.0
459.6111111111111

612.5925925925926
331.5
