278 450 -860 -266 884 23 589 -829 -295 -455 838 -487 -934 -395 -441 255 -269 681 -899 -126 248 766 82 412 -761 -202 -656
710 -32 283 332 -971 73 679 770 -996 -392 -575 776 981 577 -897 910 12 474 444 -717 -536 -60 147 542 -295 976 -471 -561 -683 -909 380 -652 -20 -705 -602 981 797 -719 -874 -868 -488 72 -421 -26 -26 -150 327 189 655 -390 -815 682 651 -242 556 -701 220 657 519 -671 688 989 198 818 -692 619
77 -541 222 650 -610 -289 -307 -642 779 -383 410 810 -488 -491 979 588 246 715 574 -144 -701 492 840 831 170 -931 -677 -778 -972
968 690 303 -554 -592 120 -162 -590 -94 -239 231 -631 649 41 979 -524 -902 358 588 886 317 852 -893 503 -527 296 -908 -944 600 969 -987 543 -875 -728 -357 797 587 169 497 354 -290 -867 23 -922 -363 -133 -437 -268 470 -272 -485 316 -81 884 -839 125 -598 424 395 162 251 206 816 -123 -671 813 -946 -746 116
923 872 -82 -17 302 -712 739 540 399 -746 799 -109 654 -964 -6 334 810 -470 724 -983 382 413 242 355 954 -476 874 839 81 246 469 -828 -526 391 -914 -986 25 365 -986 -526 -310 424 -78 -2 -773 -827 606 912 791 728 -573 420 -2 565 -509 750
-43 -831 157 -435 -555 687 183 654 578 492 9 618 429 689 -247 -961 905 752 -669 -496 -657 -725 264 -778 -10 835 808 724 -191 -395 942 -857 -134 816 73 -155 188 -774 -64 553 -488 552 -470 204 -888 -238 -901 111 -987 -356 -102 67 542 840 623 -782 -460 -44 789 915 134 -619 -43
-278 670 40 -329 -997 -844 -273 385 896 612 228 -762 904 -153 -871 5 25 212 -553 -582 2 73 742 -682 -420 -559 704 -593 293 -356 75 865 -327 -701 -663 -502 -472 -227 40 390
703 -196 720 566 819 876 -901 -640 727 909 150 477 -298 206 -992 -135 62 253 681 -323 556 -411 -555 191 42 -436 458 -324 693 -502 -538 -359 -95 -477 479 264 -47
439 304 120 -309 575 -485 805 -53 -905 141 927 -28 400 -698 -737 602 820 -944 587 674 -335 -411 -894 680 149 -893 899 605 69 -607 -182 638 708 80 8
86 985 698 -322 209 -574 42 571 319 -91 -588 475 868 68 -839 533 560 201 315 997 129 715 -916 -520 135 355 75 -233 -602 -400 -587 -406 -660 870 388 -227 540 676 666 39
-963 249 -708 297 -651 580 -392 -899 390 120 42 -530 821 561 612 822 355 573 148 203 -180 -329 103 120 -584 -701 582 -430 -816 905 -888 -621 -117 -5 -932 -871 67 732 -650 666 995 -894 -605 906 -371 -408 -724 572 224 351 3 72 -699 684 -57 605 30 -825 -373 -395 -307
-362 -666 -543 27 280 -356 301 -34 286 -957 -359 92 -99 444 -760 -219 160 -15 -733 948 -684 720 840 -933 -183 -918 131 -851 70 463 -352 -673 978 669 -836 -578 453 -788 300 -929 -436 -804 491 -340 -400 -600 -535 99 -190 846 -778 356 842 -373
-637 -627 307 445 716 655 -720 662 720 -507 -463 -579 76 303 549 -56 312 30 -806 643 -524 -728 -682 813 -174 840 738 915 56 -388 -978 -569 243 308 -642 -796 817 -879 426 -913 712 64 -558 -334 -125 -982
806 -835 -42 116 820 -20 144 -584 590 83 -630 418 -202 162 -156 699 647 897 244 507 -7 782 -768 77 412 -641 -266 -642 -17 876 -175 59
-799 226 159 -787 471 -275 -970 789 939 682 318 -935 41 319 -374 948 111 451 487 -923 616 -654 -309 448 -666 -106 -316 -959 357 -197 -246 692 -832 40
175 -759 761 805 417 -825 -87 -561 179 -861 -746 -529 399 96 -570 -494 -508 442 341 971 -407 -530 510 376 -123 608
-728 -357 750 -283 -167 395 -34 -263 -213 759 621 609 917 206 506 -296 356 623 972 55 630 -836 79 557 826 809 181 39 -17 -597 306 -525 -8 -114 -578 -50 -654 -117 820 967 -426 -923 -786 -699 -179 632 716 -867 -547 -544 -675 -523 -404 694 375 -755 282 -598 -10 -35 -208 593 -510 802 60
675 266 -705 -404 342 944 -894 737 -132 -561 248 -307 -276 424 -893 403 -154 88 416 -605 -403 -693 836 766 -424 836 -492 955 -229 284 604 -263 -997 -195 924 804 -823 40 749 237 42 509
903 -779 967 294 -250 621 843 -522 -355 -225 -961 -982 947 117 564 349 527 511 -452 200 -587 -802 -660 492 910 -76 -955 788 -357 -624 669 452 -448 538 944 868 272 639 908 528 -786 34 -136 -388 -727 670 73 -435 -323 -816 -744 731 526 809 574 555 164 -647 -908 -456
-698 474 -437 409 -175 493 -425 782 40 -571 -764 -98 906 -577 -315 747 -170 -373 -76 -547 34 -384 744 680 388 -85 849 860 -161 147 -621 -526 -707 -713 -485 252 -850 260 -778 296 151 663 577 -795 -577
23 -586 893 -518 589 688 -589 444 -295 892 -243 983 -244 -496 -656 -714 65 -927 -598 -982 -998 -999 -402 -871 221 -265 -492 223 396 -141 -333 441 904 403 719 -458 320 -267 -768 -4 562 -34 -241 47 -605 62 257 -282 300 587 239 -106 120 720
-522 10 -791 805 -812 455 58 -832 -514 -985 -849 834 -470 -960 -416 129 -929 -563 -270 47 -874 -523 143 515 -926 -403 -101 319
-2 -774 695 326 155 550 883 -484 -933 -676 -873 -455 -885 -312 -640 916 289 597 -204 607 -542 822 -557 586 -373 -685 309 -993 -486 705 -700 -764 -37 668 -133 202 -773 902 743 -510 80 -569 780 854 -245 91 637 -790 -678 713 45 -65 -324 -149 2 767 -524 880 -602
810 333 -841 -36 689 -170 -418 -697 -476 217 571 677 953 690 879 249 -174 915 -211 -664 -478 -726 596 -272 342 872 191 -90 -905 -41 -579 -958 326 214 -438 659 -543 -435 23 870 -327 742 -983 -16 -530 -947 -95 -546 -230 38 -675 -59 717 -382 -95 -55 950 480 268 67 98 34 305 457 -6 -33 -355 -197 -742 -460 440 -68 584 557 -447
441 -689 758 -732 940 -793 597 904 -492 793 -708 -989 -85 -400 -508 9 777 216 -20 -375 6 526 702 590 200 682 -408 -917 -737 -163 186 111 -76 611 506 867 369 62 893 -598 -530 -303 -664 470 -496 -208 -19 689 430 -107 -953 332 -307 97 -921 898 468 -753 -479 -131
333 -305 708 608 -104 772 977 235 -578 -106 564 -641 594 -135 363 -164 -514 619 190 -241 943 -71 -547 -352 677 -685 -907 -69 -96 962 -309 -697 617 -634 371 -647 -993 -271 -685 -284 -193 903 -553 209 -444 -513 -257
-446 758 586 -295 -5 847 -920 932 751 561 438 -547 67 194 175 -27 906 -828 -190 597 -200 -735 -113 969 -311 -209 -990 567 853 -767 -34 -715 991 547 607 -889 -786 324 -833 716 543 728 -497 -806 -754 -175 85 -196 50 125 -449 -540 -986 683 -646 322 309 492 27 387 875 601 920
556 1 -17 -651 346 967 -402 580 -748 598 -146 148 924 -874 783 446 357 -731 -608 591 769 -284 -669 672 -475 243 190
327 -171 656 -317 -783 -218 14 -831 -950 -94 -617 -889 58 -851 -331 -263 778 -919 -110 -569 -410 424 -6 472 -794 847 733 -422 740 630 890 302 364 116 -11 181 632 797 -437 -955 123 -976 -885 -107 230 -675 -215 -263 930 839 -601 -903 -25 -112 141 854 529 991 664 -105 -66 -893 749 258 876 119 -222 -911 -757 844 -168 -59 -406 936 -439
646 135 774 -87 177 -984 510 -914 0 219 117 -432 864 966 -46 -991 -681 237 -897 -619 -90 165 -572 688 814 800 -819 -854 570 -273 72 -327 -349 725
243 -899 874 988 787 -667 -424 147 16 935 809 969 -104 547 -994 451 327 392 872 151 -847 -697 -313 464 -862 736 -775 988 343 330 -507 -584 -768 -800 -633 -466 41 -314 694 -393 889 -779 365 -605 694 973 66 -818 667 462 466 -911 612 337 432 -935 -601 -372 -84 339 802 -76 838 572 -163 243 142 -813 541
-849 -786 921 -210 463 237 -285 889 515 43 17 -361 -127 -439 -425 -575 911 275 -556 -731 702 422 -686 271 -796 -821 746 -896 923 -917 853 852 -222 -399 -510 -919 867 -408 21 -187 348 613 -751 240 -938 -490 -243 272 -758 966 176 702 -860
-96 281 -156 424 59 710 687 -65 435 739 215 -436 850 463 400 981 307 743 -991 -967 -516 -591 -301 612 -737 244 -595 338 -355 -859 -624 578 617 -798 116 -683 665
225 562 522 587 -379 903 496 497 831 740 201 -485 508 -452 -3 773 -819 -681 376 217 -444 467 478 -624 -769 -998 226 -519 950 -569 -915 -741 866 752 5 -143 96 116 -77 180 -807 566
128 -796 698 85 669 -369 304 -807 -179 -681 -667 966 411 -228 401 369 169 -438 -331 -141 951 -803 979 761 -411 343 -22 -1 520 -574 -23 -956 -93 52 109 2 -543 -215 -445 -393 82 -750 859 -562 -698 -177 856 -188 79 421 469 392 740 458 453 -782 802 -140 -34 846 27 -394
-36 296 -478 427 141 -788 -917 657 386 105 -986 59 274 -938 -205 267 411 -945 -596 -995 -4 -861 -630 15 175 -995 -325 9 944 -213 -833 -435 -455 58 -657 -456 513 518 225 475 738 779 -566 -507 430 -181 -836 641 -181 -771 144 -113 -95 417 150 811 863 186 176 -370 88 -743 -44 2 410 919 694 902 408 -195 -452 -503 47 -672 59
992 927 -990 -976 -212 -434 -546 -813 367 -36 -775 981 759 -422 -628 -965 -244 680 -797 -961 618 357 438 854 -613 253 -386 -237 518 384 -808 494 -995 -742 -785 318 825 -233 -103 -587 -908 -854
-183 874 -95 -609 -624 -88 -936 401 973 799 796 459 468 -317 461 807 -414 856 -801 837 -599 179 -637 434 -417 731 106 -950 84 -534 -184 81 927 -565 -520 306 117 -834 995 182 313 -728 -993 85 -309 -583 -169 939 700 55 423 511 -672 -625 572 -594 -145 -606 599 -573 175 553 485 37 -571 -736 495 281 -373
-87 265 316 961 -133 -853 -564 766 688 -65 -787 165 538 98 -801 -773 335 674 -945 461 -687 889 420 966 -855 -415 -52 53 -114 193 216 545 -993 786 386 330 -324 243 -157 836 -516 236 -48 186 -439 -360 977 -698 -197 -898 -814
-587 310 -167 932 269 842 -999 -587 34 817 -769 -405 314 311 607 689 326 296 -610 874 983 -854 295 -70 877 967 313 -222 460
-903 68 223 386 -215 -986 841 535 -761 -138 188 740 -198 -869 -480 671 108 -787 -408 644 439 -164 456 -945 -805 648 607 -871 -76 428 986 244 552 190 921 422 19 -251 -301 -250 -169 -355 751 387
-103 645 559 -927 -884 -220 -721 212 -85 -749 -763 735 -320 -968 -816 314 967 -960 -459 621 542 -358 -973 828 792 -135 256 409 -772 -242 -856 -702 -476 958 -52 -361 -120 110 126 828 -805 852 -853 -423 959 552 952 135 271 895 -366 717 -452 -756 762 578 -656 375 -978 125 -288 376 594 -226 -338 736 134 114 178 420 -710
179 -386 -505 -701 -325 -143 -85 -238 -510 -260 4 18 -685 478 40 506 145 895 354 -681 277 493 418 400 412 890 190 -994 -813 -296 31 683 -967 762 638 632 879 -274 -387 -172 -985 -553 -827 120 -745 200 -600 739 57 511 998 -162 771 56 -825 -657 602 -175 621 -786 -815 -327 -328 -241 -351 82 -1000 -792 64 -93 -569 -103 239 -33 839
258 177 -212 238 375 86 -417 -134 709 -6 639 -165 841 724 944 336 -136 298 -927 -755 -697 -708 -732 515 468 734 -505 363 248 -150 -248 141 536 883 -5 -32 -600 -444 312 285 -581 -798 -286 486 337 -13 700 -639 1 179 -398 564 -855 748 -766 -805 994 -9 588
-900 -623 -968 -881 808 115 328 233 -544 282 -683 2 -651 -601 -552 542 -518 828 525 -559 745 -633 382 501 -71 138 732 -757 273 -264 -109 920 -105 404 485 -484 121 -818 -367 -545 -602 268 -984 517 -587 549 770 -215 236 817 -194 741 996
-422 -800 -391 27 -232 666 835 851 107 426 797 -174 -513 663 -641 275 946 -889 -582 -149 984 -209 -319 -679 -352 -806 -125 -54 -646 -465 -674 887 -498 -325 37 484 179 -10 -350 210 -273 -997 -836 -103 -188 -900 773 -510 -419 225 -422 -300 378 132 -354 699 438 596 486 -106
-673 -470 790 598 449 -206 -282 966 -416 578 610 12 565 -178 -801 960 -397 -878 149 -393 195 523 -562 -869 936 990 -49 -79 224 -474 -110 -252 -447 -18 970 -882 812 359 -446 -126 605 235 858 -72 -78 595 -421 -451 803 330 -530 513 925 990
17 816 196 330 -888 413 -944 -72 -853 -456 311 829 55 659 -632 429 -580 160 -255 392 805 -608 -506 -772 366 292 591 -935 137 -868 -75 140 -527 -707
5 882 435 807 886 -876 970 -427 416 199 536 8 -319 602 187 274 242 194 478 64 -409 211 -697 -185 -279 454 418 718 -733 304 -352 -263 -270 929 -312 968 8 289 -20 260 -568 898 -433 621 261 -833 -480
-136 898 -366 -696 120 -900 594 801 -721 471 754 821 -103 156 813 -245 -607 -102 -451 -23 -301 -733 220 786 -162 757 92 -690 -952 -113 -868 187 -569 360 -416 -159 -61 -214 -87 -741 -325 481 -584 -782 -30 -54 481 -340 -219 106 -780 992 518 469 533 353 -436 -712
-742 -869 711 -216 -686 -584 782 -128 122 -601 488 -663 -52 9 904 -956 -562 567 -781 -549 366 -949 294 -921 -140 66 574 539 -288 -465 625 -928 728 170 973 715 -157 -435 301 -394 -323 480 726 942 906 561
774 958 481 -634 399 -849 -655 932 213 55 -661 736 773 414 -987 -954 123 83 643 524 36 -868 968 987 858 -114 933 994 950 60 466 -372 70 452 -329 -329 220 227 -390 346 890 403 152 949 -730 -134 434 894 489 -769 -459
705 -177 -267 -901 -940 995 -195 645 476 400 -329 -151 -264 611 10 -272 -766 544 -652 462 937 698 -407 -516 405 -851 -731 -329 552 -693 -121 744 -385 903 -176 -29
143 -511 750 372 835 -853 660 10 -486 -80 734 92 -412 265 -976 347 -416 -646 -835 -479 -268 -878 676 -114 291 308 -995 -188 -460 -746 -921 -18 -391 253 489 -598
371 880 806 285 -828 -675 -539 -399 -775 232 -51 -912 -972 375 -243 706 -386 923 -609 -850 -132 -966 167 265 -478 -595 -34 -336 -349 583 838 45 -213 -557 -70 -979 313 356 -747 679 258 -960 191 -706 -224 -864