-253 -227 488 50 171 N/A -740 3 197 338 773 N/A 152 -11 -70 -438 -575 N/A -392 N/A -218 N/A 6 -81 N/A 176 N/A -207 263 753 -912 N/A 319 -959 207 396 N/A 81 -798 -335 N/A -615 N/A 146
-160 664 N/A 810 -504 N/A -253 -848 -112 107 471 -797 N/A -312 N/A 826 946 N/A -723 47 -555 N/A 351 178 381 -713 -548 -26 -257 N/A 651 -235 732 N/A -329 637 479 N/A 278 811 956 260 -331 N/A -338 N/A -596 -939 -955 N/A -245 -710 N/A 80 N/A -5 -803 N/A -505 -799
-968 226 N/A 944 -697 -770 N/A -766 592 889 516 682 N/A -905 -547 -991 -669 817 865 87 N/A 210 N/A 283 N/A -62 -507 767 343 N/A 484 N/A -801 N/A -607 N/A 569 -839 N/A -957 -874 -494 N/A 490 N/A -309 372 -581 -17 -83 579 112 307 N/A 410 -10 N/A -864 731 34 -18 584 N/A 63 -124
-347 N/A 776 N/A 780 N/A 607 -510 -367 -677 -361 -618 -588 -349 N/A -272 -492 -616 935 N/A 642 41 130 N/A 289
-861 878 -810 N/A 641 -935 -683 N/A -244 -202 N/A -776 N/A 619 -882 782 -907 -77 N/A -342 -503 N/A 176 -488 -533
-486 78 -588 N/A 503 466 N/A -807 971 N/A -822 260 775 -420 710 N/A -314 N/A 589 N/A -441 N/A -525 N/A 921 N/A -549 -505 -339 N/A 781 58 -924 742 436 922 977 60 N/A -448 286 N/A 120 409 -769 -731 55 N/A -668 -708 -489 545
193 806 228 -446 802 544 N/A -884 -745 329 -480 696 N/A -626 504 -368 -771 -126 -180 N/A 949 N/A 46 -932 N/A -612 N/A -685 213 N/A -127 65 -710 -134 839 N/A -553 323 486 260 N/A 802 N/A -73 -446 908 N/A -550 -291 N/A 0
-582 241 N/A -64 205 N/A -201 500 -251 393 -435 -697 N/A 354 N/A 974 -999 899 N/A -954 N/A -22 487 205 N/A 686 N/A 64 618 -328 516 326 -656 N/A -920 -59 -586
449 653 N/A 917 246 820 N/A 782 353 621 -542 N/A -644 488 N/A 242 240 N/A -892 71 574 -861 N/A -88 N/A 473 52 375 -446 769 -603 796 34 N/A 78 896 N/A -849 N/A -586 572 -237 -684 -379 695 360 N/A 398 -291 799 -458 -551 -335 N/A 470 -155 N/A 340 N/A -349 N/A -498 318 N/A 310 454 N/A -104 -806 N/A -46 -170
370 205 170 381 -865 410 986 -116 -161 N/A 706 -867 -109 -504 N/A 611 452 -636 -900 N/A -666 N/A 942 973 -418 758 N/A 373 110 -468 402 951 267 -641 N/A 972 N/A 668 N/A 527 N/A -74 840 N/A 884 -915 857 991 -133 N/A 818 492 N/A 95 374 -22 -918 N/A 367 -277 N/A -858 N/A -148 N/A 446 N/A 759 64
-454 -157 N/A 68 704 -223 N/A 38 N/A 4 N/A -156 N/A -628 194 -811 -923 N/A 360 703 N/A 528 N/A -756 45 290 407 369 -187 505 150 -808 -172 156 N/A -186
-812 N/A 281 N/A 630 -66 -978 466 N/A -439 N/A 29 -49 N/A 104 61 103 568 826 -147 655 642 369 572 N/A 285 N/A -454 N/A -649 660 N/A 606 675 713 876 -451
683 N/A -908 -681 51 478 211 N/A 100 N/A -604 23 -838 844 -26 498 -444 N/A -244 -816 -917 -928 N/A -424 N/A -606 -566
71 -440 N/A 756 812 N/A -407 -978 424 N/A -364 -74 36 757 159 N/A -174 N/A -371 -833 171 -7 -974 N/A 518 576 818 N/A 264 483 -33
317 -849 N/A 679 -543 -765 -716 949 278 -676 -132 -239 99 -69 N/A -454 -128 -984 901 N/A -124 564 17 -21 N/A -731 -781 153 N/A -550 N/A -887 -224 -202 N/A -779 -41 N/A -369 -513 112 N/A -769 355 N/A 863 -644 -276 58 246 N/A 596 N/A -936 N/A 742 N/A 618 -745 -323 -967 N/A -621
-693 414 -871 -890 N/A -450 -498 -971 N/A -633 -860 -687 504 420 N/A 941 N/A 719 115 -568 N/A 622 -360 211 -568 N/A 768
492 N/A -712 429 N/A -906 595 538 -658 317 574 687 -666 -163 -256 223 N/A -24 296 N/A 177 N/A 941 -595 N/A -675
825 -951 557 -65 N/A -13 133 N/A -556 9 54 -1000 -720 -35 -6 N/A -444 560 -31 N/A 405 N/A -999 -839 N/A -760 374 850 N/A -209 N/A 594 1 696
-431 N/A -998 N/A -430 N/A 36 138 649 -117 -991 85 -544 28 640 N/A 898 -650 N/A 692 -825 393 N/A -803 304
583 -387 N/A -122 N/A 337 617 N/A -105 -19 380 396 N/A 602 N/A -575 -846 N/A -21 817 N/A 120 N/A -766 -798 -157 788 N/A 807 -164 512 -475 -28 N/A -190 664 515 82 N/A -343 702 -660 682 -962 N/A 196 -176 61 N/A 376 -504 N/A -245 448 91 -835 -520 N/A 710 726 -438 -387 644
779 -609 -593 -691 N/A 705 371 N/A -72 N/A 267 540 -425 -411 N/A 177 -616 928 770 -612 577 N/A 331 470 532 N/A 965 -253 N/A -460
-898 420 N/A 98 -25 N/A 225 53 -412 N/A -733 -185 9 793 120 N/A -752 N/A 790 351 N/A 370 592 N/A -989 N/A 530 656 -146 901 782 N/A -43 -477 N/A 311 -181 -655 367 N/A 79 -784 N/A -880 -984 -10 198 961 N/A -101 631 N/A -468 65 N/A 426 -118 625 756 759 -708 -161 N/A -464 N/A 55 -654 737 602 526 -120
-923 N/A -524 -824 N/A 323 N/A -617 -789 N/A -978 -672 -760 -260 -679 N/A -786 -390 N/A -880 -441 -934 -838 369 275 N/A -843 -911 760 N/A -429 315 -68 -718 -612 -157 552 N/A 861 1 -128 -743 N/A 701 N/A -371 344 N/A 142 152 N/A 210 -945 -825 N/A -247 -9 821 N/A 665 827 -944 748 -198 651 987 N/A -780 N/A -236
767 N/A 410 -737 422 -415 N/A 207 -233 399 267 787 -197 610 N/A 295 N/A 8 N/A 586 N/A 667 344 613 -697 N/A -927 -14 174 -4 411 N/A 151 -597 -126 -583 644 N/A 129 -528 999 790 -145 -379 382 N/A 845 -148 N/A 17 N/A 37 363 N/A 35
-673 N/A -893 N/A -387 -688 119 199 N/A -942 628 -330 568 -449 131 N/A -755 N/A -976 N/A -944 -292 N/A -775 -337 N/A 135 N/A -873 N/A -754 845 -692 N/A -338 914 727 995 -456 496 -290 -60 -417 799 N/A 719 -395 N/A -130 N/A 384 250 653 684 N/A 250 -356 -80 796 759 -194
492 N/A -103 -857 N/A 266 604 N/A -778 -780 N/A -753 965 -858 886 576 200 N/A -37 N/A -474 258 332 -182 N/A -392 615 596 422 -318 N/A 790 N/A -549 N/A 827 N/A 466 951 -97 -45 -357 826 121 N/A 929 -258 -803 N/A -99 -595 189 178 251 348 N/A -570 588 -915
686 N/A -293 -469 255 N/A 275 N/A -891 -882 -103 N/A 418 -126 -399 -572 N/A 103 N/A -862 -129 -984 210 -356 -64 239 827 N/A -318 615 38 -121 828 -488 N/A 282 -345 532 N/A 221 N/A 956 N/A 315 N/A -720 836 N/A -564 -637 506 648 -370 N/A -64 -730 -817 N/A 610 -817 137 943 -593 N/A 100 402 N/A 985 718 N/A 556 -131 -410 -264
-879 -509 -410 -94 N/A 611 141 581 -615 N/A 689 N/A 504 668 N/A 263 N/A 865 N/A -318 -892 621 983 458 784 682 -546 N/A -348 833 N/A -918 -738 N/A 881 N/A -531 464 104 858 -777 N/A -221 -179 807 753 570 -461 -330 316 58 N/A -633 N/A -125 205 -180 N/A 911 -489 -805 N/A -386 N/A -942 217
300 -44 -397 279 -337 -370 N/A -418 N/A 655 534 192 205 -722 -722 N/A -783 613 -876 N/A -291 907 -693 665 N/A 8 -255 N/A 458 N/A -700 N/A 80
555 N/A -941 760 -918 29 -324 920 -163 N/A 761 N/A -386 -266 131 782 N/A -490 N/A -658 N/A 644 816 -729 -11 N/A -812 -98 -135 186 -35 849 -477 -859 N/A -890 452 556 268 -797 N/A 736 -914 -528 N/A 258 841 784 N/A -690 N/A -926 -6 106 N/A -282 N/A 586 -740
692 354 -243 N/A 59 -837 127 755 N/A 475 94 -248 N/A 770 N/A -674 -943 -995 N/A -1 341 474 -611 -890 716 N/A 597 N/A 347 N/A -48 -125 N/A -185 -882 460 -659 204 N/A -800 N/A -113 -237 599 -784 N/A 980 -660
898 -627 N/A 140 N/A 420 736 N/A -571 -970 252 N/A 528 118 N/A -811 201 -162 N/A -500 123 N/A 20 -44 N/A -480 -598 657 N/A -434 645 777 -754 -653 745 651 395 909 223 -398 -59 230 -176 N/A 503 N/A -743 N/A 1 -992 N/A -290 172 N/A 495 102
-876 541 N/A 831 244 214 N/A 975 69 640 63 N/A 984 -244 -73 256 622 -495 632 845 N/A -774 N/A 447 N/A -627 -303 N/A -511 -974
925 390 -524 -96 657 N/A 569 N/A 478 633 N/A -427 756 N/A 638 -736 224 N/A 882 N/A -263 775 829 787 -876 -778 41 -760 N/A 122 -530 -245 919 -297 N/A 56 516 530 N/A -223 -609 N/A -460
714 N/A -522 197 -695 N/A -93 N/A -270 993 400 -383 -436 N/A 57 156 -307 697 N/A -751 N/A 839 N/A 925 365 663 977 -923 405 333 41 N/A 257 N/A -725 565 773 N/A -181 312 586 83 835 -409 N/A -819 123 N/A 962 N/A 69 -249 N/A 425 -848 475 -604
-64 N/A 838 -14 -543 670 N/A 221 453 -264 -79 N/A 696 589 442 N/A -953 -157 N/A -821 211 991 584 N/A -747 -114 121 -231 566 -540 -524 N/A -292 -643 N/A -926 N/A -184 -439 N/A -872 N/A -666 648 N/A 909 -845 14 -674 -48 -222
-617 -241 178 -141 N/A 418 883 N/A -861 -341 N/A -40 539 N/A -344 135 -641 N/A -114 374 900 564 N/A 814 167 -418 138 -75 20 N/A 32 N/A -149 615 130 N/A -746
582 -479 -366 -943 N/A -729 N/A 248 -728 705 N/A 147 N/A 637 -414 N/A -93 -177 N/A 871 470 -532 -141 519 -90 211 N/A 42 314 -637 N/A -167 N/A -660 241 698 945 629 578 N/A -718 130 -118 598 -50 N/A 413 N/A 519
-35 204 71 605 919 N/A 935 -1000 -296 856 878 -837 847 N/A -1000 -4 N/A -494 721 498 N/A 319 N/A 139 -371 -548 770 N/A 383 N/A 400 N/A 341 N/A -369 N/A -781 -196 819 -119 503 789
126 39 340 717 N/A 546 -546 998 -209 937 -496 N/A -586 -468 660 -506 901 N/A -325 -759 N/A -328 373 N/A 466 -104 -554 42 N/A 539 -277 -703 N/A 611 77 654 N/A -99 -688 -143 -948 N/A -572 -89 N/A -402 N/A -835 -53 N/A 920 833 N/A -172 -231 N/A -149 -98 138 N/A 856 -469 854 -621 N/A -679 815 -366 N/A -3 N/A 25
146 -377 N/A -808 166 N/A -203 792 -462 146 563 N/A -565 -509 N/A 937 N/A 452 -569 N/A 402 -840 173 -814 841 N/A -30 530 -688 N/A -322 870 N/A 755 -63 962 N/A 32 N/A -238 -727 N/A -908 -583 -676 N/A -584 -680 883 N/A -969 408 586 -885 23 -697 N/A -455 -434 933 N/A 790 804 -790 36 -41 N/A 217 673
636 N/A 992 -173 -547 -290 734 -273 830 -149 N/A 361 552 N/A 603 N/A 15 8 N/A 909 N/A -929 -814 551 576 733 588 N/A 665 -735 -403 601 N/A 623 -337 N/A 304 -55 N/A -877 N/A 702 -504 471 910
-500 -258 891 N/A 753 992 974 516 -23 -273 N/A -933 N/A -989 N/A -237 391 N/A 814 892 N/A -187 419 695 -363 735 -60 N/A -983 575 -202 N/A -291 N/A 164 N/A 779 -140 -708 N/A -522 582 N/A 440 560 776 908 -668 N/A 148 229 -822 679
-245 -572 -800 -130 N/A -673 N/A 680 N/A 939 -777 N/A -20 -253 -506 -4 899 515 N/A 222 N/A -403 -539 349 -983 470 876 N/A -19 N/A 166 943 -520 -279 N/A -254
-336 12 N/A 675 -167 474 N/A 654 -20 972 N/A -535 757 267 N/A 453 19 N/A -398 N/A 998 590 893 N/A -300 -967 926 427
-600 581 -947 248 119 644 N/A 631 900 N/A -404 -115 80 N/A -332 -374 N/A 93 N/A 963 -199 413 N/A 767 -422
167 93 -442 N/A -190 154 N/A 616 -801 N/A -237 -694 N/A 961 -77 923 -707 -178 -401 N/A -672 -896 370 N/A 112 409 -286 N/A 222 687 112 14 N/A -8 N/A 114 N/A 97 N/A 90 777 -379 808 N/A 292 640 174 926 86 347 -892 242 N/A 304 -989 N/A -258
50 337 36 780 325 338 -600 N/A -177 -12 -933 -333 -998 N/A 385 -210 N/A -554 -86 -637 N/A -270 N/A 680 N/A -243
-18 826 N/A 334 -889 -320 -254 N/A 814 -91 774 N/A -251 798 N/A -412 782 607 -501 N/A 926 N/A -600 940 -108 498 135 N/A -644 481 -624 779 319 N/A -867 N/A 83 286 -748
-772 N/A 918 909 485 N/A 375 N/A -645 -449 995 -521 45 -384 936 N/A 630 915 498 886 258 811 531 -280 667 -993 69 -548 N/A 497 581 N/A 157 N/A -878 N/A -361 N/A -205 N/A 728 N/A 542 N/A 594 -145 -149 N/A 2 188 -368 -406 205 -297 -80 N/A 471 119 95 N/A -688 -846 -802 N/A 783 -579 -207
847 N/A 863 N/A -769 332 N/A 771 -130 -83 40 849 N/A 429 -970 -931 N/A -918 -749 -695 N/A 631 -845 -19 281 197 202 -48 959 N/A -454 N/A -666 N/A 124 -310 737 376 -89 N/A -396 -482 N/A 758 N/A -516 -83 39 873 -28 15 N/A 371 -975 477 N/A -54 -877 925 -362 N/A 589 N/A -935 -979
-564 -6 N/A 279 409 -726 -569 216 N/A 217 -668 -904 -827 N/A 940 N/A -137 357 N/A -773 N/A 672 954 611 632 N/A 719 287
703 454 N/A -653 -66 -800 N/A 184 883 691 N/A 121 899 419 202 N/A 66 N/A -491 961 N/A 243 -867 N/A 247 795 N/A 766 -885 706 -210 663 -703 -293 794 118 N/A -643
-140 -323 N/A 620 952 -937 -684 -833 N/A 781 -388 N/A 243 502 583 -62 -607 853 N/A -438 N/A 997 N/A -508 N/A 697 447 638 -513 -842 -120 -748 N/A -901 184 N/A 815 N/A 409 221 927 -60 N/A 262
-749 119 -404 N/A 148 N/A -427 N/A 871 N/A -180 N/A -404 -428 374 -274 -610 -740 N/A -35 724 -176 -573 N/A -410 -706 -537 648 434 -903 N/A -140 N/A -441 42 930 445 -223
788 N/A -400 N/A -15 -757 47 544 258 820 -15 N/A 102 N/A 896 -927 N/A -40 N/A 156 308 -755 952 488 0 306 -108 N/A -948 N/A -280 948 -894 N/A 465 484 -188 N/A -557 562
790 -909 -496 244 955 273 585 734 -514 N/A 454 -254 -641 -654 N/A 238 -670 N/A -634 N/A -820 N/A -803 N/A 524 N/A 771 942 -224 -160 N/A -446 392 -611 N/A -478 N/A 874 -827 N/A -386 523 -2 585 -713 177 -968 508 N/A 754 -820 N/A 984 460 107 513 -578 N/A -573 N/A -816 N/A 298 -233 -474 -509 N/A -461 -239 -575 -487
-683 -988 715 N/A -11 -195 -518 N/A 950 975 101 -564 -345 N/A -852 540 59 -504 -657 224 -653 230 N/A 460 N/A 476 -785 N/A 664 -397 N/A 537 N/A -428 N/A 654 -851 N/A 773 N/A 723 -974 25 N/A -396 131 N/A -513 N/A 702 -402 -556 130 156 507 44
417 -274 389 N/A -855 -681 -394 -243 -830 N/A -45 -222 -538 N/A 274 833 N/A 21 N/A 438 -580 901 641 N/A -469 N/A -365 789 N/A -733 N/A -67 -768 N/A -998 -28 727 -75 -914 893 450 -968 N/A -855 N/A 499 464 N/A -992 -972 -976 N/A -424 358 -440 N/A 794 65 -28 849 N/A 15 -566 53 674 -767
-932 99 N/A -879 -70 N/A -2 N/A 285 N/A -846 -871 15 N/A -329 42 -671 N/A 605 485 -539 -35 177 -561 -304 399 N/A 619 525 378 -821 N/A -433 922 -376
-195 775 166 619 76 177 431 N/A 494 136 466 N/A 480 596 N/A 893 -55 -731 970 -513 N/A 758 N/A 926 N/A -519 945 356 -200 N/A 912
815 -946 N/A 360 N/A 880 -340 N/A 26 N/A 44 -164 N/A 365 N/A 382 729 -600 949 639 -691 987 281 66 -271 N/A -436 235 N/A 736 -558 N/A 46 696 -996 14